681
766
153
885
278
545
601
655
796
490
223
556
789
375
460
466
474
38
695
467
844
404
488
437
121
809
635
789
482
888
873
199
239
619
665
253
487
70
223
754
94
829
376
4
787
349
594
924
293
133
673
664
598
555
722
312
95
741
559
722
366
821
425
146
871
344
252
135
115
591
552
235
641
995
435
278
522
927
129
457
775
659
818
851
476
796
711
573
176
472
197
501
131
829
825
705
512
881
953
771
482
546
76
774
80
816
1000
474
73
579
90
876
960
589
657
475
424
858
447
390
530
397
30
716
995
681
131
665
620
556
904
708
635
98
111
208
411
580
219
913
274
169
105
409
962
706
640
306
822
702
190
464
89
938
842
757
219
274
129
476
139
682
486
872
401
128
484
52
477
941
452
863
958
193
571
966
204
144
662
936
430
951
541
677
568
656
126
402
741
287
481
923
778
885
981
277
788
102
822
65
662
314
641
739
615
131
230
17
397
162
588
455
319
278
655
546
222
357
968
143
769
751
253
915
960
839
337
614
80
937
692
700
813
502
115
221
653
460
853
13
151
598
498
151
409
114
862
909
30
454
119
929
817
861
946
698
166
257
541
994
373
611
342
931
957
396
870
0
585
456
301
18
26
446
760
994
981
825
420
920
656
298
389
799
227
921
281
395
664
454
323
428
547
672
474
341
92
769
263
584
463
974
480
788
819
69
751
136
495
828
200
81
560
721
14
22
824
836
973
38
975
686
88
688
473
335
271
891
786
761
133
201
152
323
822
485
915
829
648
841
836
362
981
101
1000
67
105
576
455
834
630
188
972
228
715
987
39
257
484
119
980
772
81
392
846
957
126
724
416
338
626
861
570
704
599
253
787
680
697
827
571
20
553
548
890
623
729
490
315
511
157
381
706
186
490
359
345
731
465
669
847
922
205
793
541
657
318
346
771
704
2
552
390
783
682
887
104
103
286
732
626
94
317
611
79
498
639
960
588
735
744
293
213
298
849
892
171
733
894
942
625
202
527
624
251
883
582
248
886
596
511
948
696
617
248
672
99
60
693
981
558
324
738
448
234
708
101
755
187
817
101
35
126
143
927
38
263
162
274
941
716
806
653
978
305
925
89
904
449
73
200
743
961
713
908
884
684
661
666
359
201
618
493
697
901
428
481
444
649
936
958
108
343
883
125
423
547
284
812
337
480
568
118
470
146
219
81
82
939
560
329
693
237
369
770
223
561
368
156
100
490
617
865
855
924
261
544
589
233
28
890
191
652
869
836
652
416
868
716
943
910
194
901
677
374
692
840
497
800
727
441
945
618
485
717
968
918
678
777
675
891
787
426
964
775
60
26
499
957
846
829
440
740
353
541
779
936
634
809
938
245
656
633
174
281
538
632
21
222
910
372
235
981
455
519
250
942
537
645
543
289
566
219
771
566
817
182
430
550
954
268
21
37
231
181
10
132
486
290
768
439
691
33
96
328
864
222
471
719
95
162
637
80
129
603
218
290
715
954
905
783
500
827
196
952
783
344
123
133
435
342
693
682
732
205
541
153
687
547
566
26
958
285
238
814
284
326
822
487
195
463
173
862
836
699
954
839
127
581
20
465
583
241
705
74
463
105
290
314
680
321
973
750
886
30
881
465
355
146
459
217
908
697
511
650
411
539
460
92
221
264
936
528
656
292
823
311
715
634
560
940
20
821
652
405
903
586
932
878
272
605
960
183
482
713
860
895
153
266
729
498
410
376
532
469
596
607
613
379
360
977
936
630
801
161
628
168
184
38
438
275
266
84
98
679
997
16
629
855
675
438
423
492
947
30
630
963
227
407
102
489
585
208
82
204
317
996
957
424
810
998
431
130
734
277
224
107
896
43
865
828
266
306
679
663
396
535
539
980
244
722
891
478
116
534
590
818
374
544
212
499
271
989
861
588
388
601
470
312
507
394
102
56
839
253
764
728
786
278
868
797
417
573
885
726
326
767
265
44
686
571
23
12
78
597
894
508
270
549
382
474
848
103
111
221
254
8
932
593
951
851
929
867
403
237
564
100
429
28
779
735
199
736
573
878
369
687
846
357
594
216
245
113
743
216
553
555
612
320
635
597
385
921
940
130
40
794
609
2
242
724
89
10
1000
959
5
896
680
139
121
568
975
689
90
367
66
52
86
995
611
235
716
360
531
162
510
979
913
716
770
917
832
253
887
143
126
600
115
949
29
286
902
508
34
141
854
827
676
812
988
266
321
166
336
375
711
883
848
496
176
467
409
380
626
931
532
919
665
293
839
237
999
539
620
165
407
276
600
956
325
249
673
307
819
167
102
955
428
485
393
274
818
44
883
658
892
709
851
252
587
58
889
958
152
662
444
434
789
445
198
763
35
206
66
253
989
67
957
682
171
914
966
512
81
692
1000
494
118
44
795
985
197
348
669
562
593
682
431
949
89
436
833
131
820
311
695
139
265
140
155
564
487
620
860
374
577
637
769
986
545
251
752
6
539
932
684
938
763
986
479
934
946
564
608
486
421
68
792
234
774
926
507
652
106
233
754
874
917
918
606
558
845
1
318
864
553
569
257
771
951
829
103
186
321
172
174
958
331
267
283
635
422
819
209
292
885
897
131
849
524
693
998
458
145
932
120
170
840
179
342
891
953
257
235
868
481
387
713
718
481
243
311
194
66
123
108
404
468
749
957
11
649
642
530
157
543
156
623
484
73
73
107
63
887
898
235
871
972
272
464
147
933
840
966
771
399
258
410
829
99
935
477
468
852
867
393
7
640
583
989
769
266
29
244
514
879
407
685
318
811
923
858
245
248
929
72
744
80
345
271
90
988
842
300
933
868
765
231
399
481
601
403
389
203
913
403
740
43
394
114
248
620
968
872
836
684
997
732
923
345
479
605
84
748
781
889
794
849
984
327
159
464
653
971
322
815
376
850
910
28
916
97
570
504
82
514
986
231
214
158
957
863
415
545
489
398
202
399
871
453
30
362
489
946
770
763
652
666
150
677
175
233
159
280
74
640
379
495
427
251
598
32
452
991
822
654
632
954
964
889
960
628
558
426
182
492
943
612
210
801
993
647
706
135
147
265
637
683
647
229
355
702
318
602
185
739
894
724
377
297
77
916
513
380
91
1
103
558
290
678
750
340
737
660
252
921
389
629
757
120
86
246
137
2
649
390
662
61
911
162
883
92
721
752
658
622
432
405
154
87
830
484
225
762
85
229
374
356
113
280
705
134
896
501
251
454
139
492
679
779
76
267
661
977
495
378
117
787
340
151
738
468
510
312
639
513
739
584
567
345
56
716
761
411
348
681
313
848
345
787
854
974
552
644
59
937
657
845
386
529
365
613
888
347
1000
826
996
409
497
710
126
586
971
295
367
765
652
502
435
249
340
968
390
327
428
963
40
373
815
197
585
234
337
893
239
410
977
570
785
434
918
329
463
155
321
737
835
718
828
248
501
109
690
569
267
169
539
403
454
489
290
995
416
111
838
712
461
547
992
108
619
468
263
333
149
168
315
4
50
341
145
872
807
40
818
261
594
772
117
962
779
432
103
245
875
389
738
32
758
916
639
324
454
206
328
257
874
448
113
513
957
906
350
609
857
661
5
926
839
268
392
236
255
869
704
684
130
775
553
1
368
236
290
68
415
379
671
41
817
362
454
83
645
487
827
908
326
883
170
687
622
911
611
833
970
590
81
723
401
434
481
416
54
835
417
812
144
630
215
759
337
35
766
309
90
387
785
949
512
119
560
253
681
946
635
704
19
713
553
499
763
965
322
561
586
521
891
637
995
914
108
938
916
283
930
59
776
647
457
955
373
4
476
454
250
50
360
201
768
608
791
589
47
144
639
659
223
533
555
93
488
254
845
929
620
610
678
143
289
152
258
65
751
968
762
241
683
858
995
824
660
355
801
309
28
286
488
246
807
625
545
300
710
956
514
932
399
761
561
598
728
924
78
858
62
7
768
427
658
47
166
511
890
516
321
265
413
907
765
60
612
46
797
387
825
302
2
717
573
269
251
664
917
361
649
531
535
837
557
632
146
668
666
734
696
765
714
734
574
371
199
852
43
780
693
562
199
34
697
808
618
887
577
224
351
443
565
715
658
265
725
3
975
180
790
577
994
673
559
532
154
565
509
498
243
26
825
206
124
710
456
384
291
900
563
783
591
285
818
933
460
89
14
908
612
202
145
231
460
118
607
543
210
764
753
569
13
491
651
912
365
888
6
31
681
337
361
66
593
413
511
172
973
663
1000
740
700
657
846
880
956
246
281
148
353
982
505
110
30
838
897
920
623
374
756
42
55
314
598
852
258
371
320
185
951
778
100
522
194
707
168
972
194
342
761
352
134
391
18
202
590
346
769
366
835
520
883
277
81
622
737
184
321
786
487
577
868
285
750
218
479
709
428
518
406
973
919
148
802
33
521
419
359
725
134
518
130
725
919
479
94
716
7
61
979
334
246
6
540
173
577
287
21
317
562
468
655
83
8
727
12
854
562
199
727
426
536
910
643
613
914
702
117
540
461
641
171
568
845
112
571
862
51
589
912
259
613
105
918
249
421
989
908
640
502
163
311
213
74
477
442
35
550
20
542
992
183
397
531
515
326
928
293
18
385
279
722
234
475
523
812
164
44
551
47
117
672
845
677
207
818
877
230
434
928
384
771
297
697
191
982
472
194
870
947
300
343
760
630
788
613
808
702
356
80
690
586
361
808
201
306
286
799
747
949
173
138
960
878
951
247
339
529
612
236
443
694
213
700
386
324
802
317
618
296
91
384
146
829
332
567
514
72
647
813
685
43
637
894
379
344
565
796
374
799
997
224
444
111
669
1000
542
258
535
752
85
950
9
410
146
179
826
852
258
959
627
814
934
127
514
714
890
659
983
206
895
80
950
623
422
630
527
17
222
597
385
830
257
500
208
611
802
320
618
270
129
64
404
202
241
609
774
474
309
719
905
67
422
771
379
786
405
719
887
547
926
816
971
9
334
609
505
743
556
639
481
814
289
11
718
164
212
615
64
909
974
971
624
165
765
364
128
245
337
402
136
266
284
789
988
637
901
936
747
944
180
872
795
967
849
865
848
118
512
293
637
538
21
858
756
510
580
760
378
249
568
416
923
460
837
43
636
981
336
647
114
784
988
533
624
430
698
665
234
159
110
930
245
85
740
907
57
952
293
547
998
88
736
108
870
908
472
814
895
256
387
868
893
710
5
659
560
108
597
656
429
905
532
918
401
103
579
738
473
873
339
252
616
981
854
431
505
848
941
268
906
199
51
360
547
222
414
459
861
167
301
971
539
880
434
767
1
10
202
724
667
244
170
871
597
356
788
50
587
202
184
458
283
13
638
693
989
303
486
546
140
926
779
676
151
617
759
426
709
316
449
634
235
538
119
886
876
543
102
109
2
90
652
129
672
559
678
27
33
893
268
819
120
244
563
73
368
435
279
112
741
53
569
790
479
514
15
884
840
873
608
478
753
224
447
406
260
838
768
554
690
889
295
996
0
612
483
39
245
485
854
134
907
1000
580
583
87
746
212
891
932
781
13
658
829
444
692
426
509
864
283
141
934
161
418
457
820
647
546
316
106
395
489
699
905
331
375
650
703
455
441
307
987
400
96
940
561
287
240
298
938
318
244
876
318
440
839
148
509
66
37
837
957
335
253
696
755
164
266
200
768
626
375
17
525
101
566
142
241
691
865
474
957
713
885
907
835
550
325
594
102
617
535
82
624
126
755
101
829
280
800
751
327
532
105
950
622
577
895
705
592
729
703
909
379
971
629
302
696
430
323
270
15
993
613
252
449
964
186
267
170
888
620
162
285
578
241
582
345
720
184
463
522
655
706
16
836
895
374
858
909
420
562
548
465
508
531
57
397
685
296
518
704
354
20
424
750
661
861
577
767
604
904
581
641
183
686
426
145
905
494
668
822
267
557
540
216
583
619
815
199
192
635
109
198
426
206
10
456
531
994
543
95
472
722
956
312
705
480
281
6
121
59
969
954
610
980
276
848
674
25
227
192
837
495
402
974
274
859
309
593
53
724
746
147
746
10
731
363
974
737
651
401
476
555
573
862
827
860
409
11
53
846
225
289
541
884
422
668
627
818
781
770
93
458
949
387
215
752
614
950
421
56
353
766
575
751
740
288
31
280
245
863
689
27
600
718
198
665
535
517
887
738
259
249
434
100
139
774
926
387
468
563
392
805
258
673
110
663
576
809
353
408
232
235
657
10
901
962
123
952
653
691
202
881
827
82
354
787
306
577
178
565
690
951
560
301
223
654
413
833
765
153
849
204
369
133
317
999
746
397
626
526
749
446
804
861
605
335
278
987
247
364
838
129
93
1000
325
137
532
361
947
4
307
248
909
531
97
833
368
822
644
444
99
124
564
31
530
0
818
568
184
778
113
964
752
312
437
959
953
484
795
805
237
817
44
554
845
253
182
281
824
340
670
173
750
893
698
892
865
568
216
220
704
113
854
836
631
17
372
757
447
147
500
100
981
343
741
418
426
663
298
202
882
224
277
42
484
711
63
588
845
911
23
638
500
94
74
563
137
910
806
793
930
522
291
355
440
569
710
126
756
103
305
30
164
175
890
266
896
852
642
572
247
498
923
323
654
774
253
367
478
6
375
724
544
389
554
42
622
202
611
191
867
414
697
453
319
310
155
44
613
726
57
533
265
309
946
49
486
977
233
984
604
505
337
207
686
918
662
17
449
704
492
416
485
866
180
896
834
682
77
686
160
433
607
740
770
269
344
970
85
265
204
635
868
137
804
364
321
652
843
377
689
577
694
815
18
372
595
594
134
481
330
44
249
91
813
957
376
133
661
282
248
758
829
356
841
137
81
265
2
779
79
818
606
43
221
68
277
579
978
903
211
786
680
761
33
498
568
663
159
557
925
433
380
253
300
195
568
493
128
277
116
783
113
528
426
888
446
78
903
704
704
774
597
819
915
761
272
116
890
467
176
618
914
948
646
972
101
604
267
137
33
324
240
908
700
651
500
783
205
810
855
11
796
809
179
133
712
706
838
941
45
585
505
688
224
494
156
229
455
643
74
26
618
261
244
240
953
758
723
990
213
414
804
422
543
38
614
410
713
609
728
65
188
61
671
420
859
183
714
96
540
284
401
90
750
185
435
743
184
105
450
790
268
768
292
686
654
900
10
769
527
102
369
113
536
885
687
736
104
880
748
238
431
143
253
287
706
415
383
460
778
520
220
521
320
607
349
764
428
625
300
555
421
893
886
556
510
258
875
140
757
901
656
498
228
400
323
698
703
617
681
529
991
621
64
555
839
772
615
385
840
445
208
638
539
684
179
490
345
736
51
339
181
496
715
661
556
367
413
100
786
906
797
484
930
667
681
63
298
593
173
749
482
803
642
251
728
909
66
375
591
677
113
741
799
477
490
268
8
943
34
205
48
721
1
172
808
331
976
90
201
453
46
542
131
957
476
285
682
800
753
322
921
498
302
710
472
715
94
547
565
630
870
135
809
907
705
629
816
200
393
412
658
17
843
28
385
944
674
559
746
461
154
251
58
773
178
394
413
708
121
460
524
996
551
181
903
474
97
810
867
826
764
340
822
910
927
764
997
795
717
961
53
153
320
693
89
910
339
850
142
928
976
244
997
215
248
737
1000
669
36
891
916
322
626
507
263
640
122
454
308
36
466
923
945
264
279
747
997
573
163
124
790
106
223
627
233
58
177
335
428
778
165
886
978
144
544
244
58
126
873
63
890
969
229
161
536
870
197
86
613
869
295
91
551
440
67
360
814
128
363
344
698
783
895
379
182
98
113
856
189
42
62
674
513
85
289
457
678
918
861
882
514
877
776
263
104
871
146
909
370
302
900
217
715
74
629
258
306
9
895
921
879
181
548
989
130
895
235
824
586
69
297
913
647
167
294
781
153
248
51
525
642
809
199
785
134
232
216
954
482
909
883
767
637
54
655
716
910
777
372
594
27
779
132
939
249
522
395
103
269
161
266
554
729
119
287
188
97
864
730
51
324
42
127
637
563
578
833
942
764
38
475
711
11
412
457
608
5
876
572
114
73
332
513
745
542
416
948
224
47
433
633
197
151
22
438
711
632
754
833
355
406
932
462
351
722
852
586
100
923
677
784
582
95
543
358
21
851
79
117
276
49
856
38
602
294
390
230
538
262
226
341
79
497
144
962
588
990
892
797
625
844
89
701
832
929
274
383
484
648
776
691
625
234
60
357
439
70
205
293
543
402
47
288
70
555
431
26
135
282
430
788
792
72
89
678
465
798
32
242
653
894
162
880
606
99
23
28
853
61
548
736
317
957
241
917
241
646
718
418
936
618
460
745
380
458
922
695
594
420
466
571
392
374
434
47
913
85
695
962
26
132
69
976
85
999
515
313
111
913
272
57
334
92
151
599
299
617
770
411
502
238
382
864
76
665
795
104
798
265
533
982
761
837
142
443
547
446
836
299
3
218
482
808
971
399
55
630
84
359
711
248
589
682
197
770
918
306
450
314
831
212
421
895
742
238
521
497
679
753
459
82
226
741
24
810
248
179
162
834
823
508
20
906
142
202
360
84
581
403
854
404
930
60
322
717
537
72
835
827
440
471
208
304
759
782
255
687
967
80
686
544
852
756
483
67
301
173
562
489
668
254
607
650
954
903
630
628
922
919
343
826
987
741
210
650
32
146
289
526
241
717
334
879
175
63
412
136
461
183
185
65
122
588
629
334
15
71
882
652
519
708
20
906
403
331
660
809
241
565
9
510
356
851
303
475
681
947
764
331
729
737
607
321
321
507
354
307
147
218
158
948
481
408
795
725
463
782
401
835
204
173
134
17
665
897
588
25
513
233
966
420
36
190
889
839
478
878
283
281
514
505
923
516
634
892
275
118
711
923
633
466
758
614
838
826
583
92
114
946
407
408
49
732
853
327
628
581
828
524
942
415
980
212
858
110
38
814
345
239
314
362
121
927
620
546
188
470
160
441
947
552
500
702
217
203
168
308
50
450
333
385
967
409
400
997
757
45
118
454
678
800
7
345
608
920
936
669
234
118
368
731
154
673
845
36
923
848
842
606
718
37
411
412
442
677
87
644
31
890
552
641
673
61
665
171
343
104
461
540
443
185
975
462
88
143
739
239
243
263
842
41
862
769
494
594
512
84
312
233
426
304
66
95
315
70
965
949
126
287
805
933
839
89
24
385
209
677
269
559
603
721
536
521
427
634
373
460
418
547
987
656
22
49
910
264
764
492
132
801
542
745
760
262
52
990
945
510
412
439
924
482
641
967
644
716
397
90
607
347
321
730
235
609
557
226
687
699
386
227
8
410
320
607
626
572
938
727
632
701
923
100
717
826
670
314
254
672
321
451
486
156
105
608
670
571
869
999
408
853
304
718
522
882
586
860
101
49
983
369
442
442
893
743
670
293
947
73
793
983
284
860
288
534
588
272
556
6
21
703
67
294
782
860
302
384
542
92
509
170
369
113
821
277
37
916
622
311
317
931
748
803
186
649
409
184
540
452
706
181
812
39
809
916
865
925
800
804
655
246
12
146
98
177
347
703
293
729
195
775
535
387
134
62
56
673
614
753
968
980
69
56
253
975
146
979
112
323
75
422
116
731
848
309
106
586
36
150
806
759
267
562
922
902
159
877
494
897
781
216
278
967
86
696
277
793
732
598
966
284
14
527
591
913
687
336
763
88
763
176
797
242
757
470
878
408
943
641
912
151
862
87
22
990
336
620
516
950
769
275
749
703
147
331
680
841
571
176
836
154
612
572
142
935
893
850
662
849
510
242
693
704
242
511
441
304
251
424
743
749
417
311
590
50
108
310
141
932
661
833
911
226
840
96
139
148
279
528
151
520
458
795
359
624
81
851
734
617
841
898
853
52
500
587
695
747
27
387
845
370
872
445
488
666
117
573
669
407
748
394
269
382
128
103
138
773
376
798
443
709
609
402
46
844
411
804
233
393
618
754
373
398
387
310
871
913
333
59
938
435
772
66
481
410
219
277
750
8
299
969
727
175
119
207
723
628
392
472
785
752
905
158
381
607
304
821
872
141
279
417
470
509
663
384
401
665
979
456
994
313
119
96
268
704
810
85
863
402
798
949
187
122
405
755
372
444
995
336
764
234
508
918
816
771
188
797
319
868
67
601
464
966
80
565
4
609
80
412
728
468
639
491
397
29
660
804
281
707
293
984
217
551
557
183
59
221
191
214
848
715
936
170
620
572
624
62
112
3
255
826
543
564
276
412
680
587
817
936
362
657
398
309
550
94
621
949
813
825
477
375
88
599
632
859
593
382
743
126
950
988
115
620
634
540
326
329
813
111
636
189
543
250
759
145
966
160
147
441
74
352
92
277
540
837
269
770
873
216
822
42
49
929
837
548
916
520
686
912
761
98
186
830
326
698
287
596
34
622
733
448
976
361
110
661
615
939
562
338
902
371
457
548
589
228
739
214
399
431
176
485
150
828
873
967
81
298
401
525
610
458
88
989
610
667
630
499
887
297
690
593
170
696
56
113
524
712
220
857
114
334
244
353
288
52
920
161
653
811
931
390
304
613
135
441
373
268
224
289
786
59
783
814
737
150
372
211
447
361
550
878
666
293
2
310
120
43
958
150
593
967
934
517
565
495
809
374
69
523
520
978
415
674
205
739
179
645
952
56
554
903
570
15
910
330
223
927
590
514
148
484
229
591
157
621
585
552
461
187
770
636
995
303
443
601
197
241
522
573
425
191
963
168
241
158
625
1
503
407
873
204
493
730
698
94
452
486
546
202
931
166
508
157
452
913
336
83
726
201
44
856
741
313
751
439
85
514
556
836
892
89
529
108
582
1
858
30
867
725
520
209
408
43
490
175
308
214
654
410
236
654
64
619
689
485
802
601
804
406
904
701
735
577
530
914
168
407
265
342
825
924
146
192
184
875
167
619
817
776
402
904
905
148
605
518
363
665
612
141
473
513
345
30
178
823
229
214
397
986
646
204
541
24
560
118
719
753
244
219
535
689
755
260
331
398
964
936
476
994
511
269
147
119
728
355
444
683
569
258
551
430
21
330
659
327
887
689
921
442
204
379
759
467
804
233
975
278
161
277
950
30
387
705
879
948
61
80
147
452
461
940
240
124
128
944
363
963
402
333
273
72
907
532
566
770
397
434
173
729
69
933
635
668
287
321
153
102
657
597
763
758
575
918
766
416
482
826
404
818
948
408
486
699
77
493
367
189
392
853
908
321
777
776
68
373
594
30
128
504
238
983
370
64
208
536
579
548
879
515
362
632
770
65
604
52
739
222
218
643
438
284
932
963
362
102
875
642
782
774
136
898
136
356
624
781
26
406
198
30
401
480
922
321
548
335
720
706
121
808
269
975
347
682
549
486
576
721
444
33
39
375
274
503
145
535
933
485
667
775
316
124
552
446
899
621
840
731
689
128
85
95
806
466
207
48
455
228
322
957
740
468
106
176
362
789
79
867
614
175
578
887
884
724
32
171
978
267
347
522
968
908
461
451
352
568
489
33
933
493
273
339
903
960
731
76
296
28
517
817
269
221
892
654
461
774
817
595
820
939
106
291
317
796
364
956
226
840
799
109
93
81
824
883
187
543
28
606
976
145
335
898
991
508
686
635
432
805
873
211
735
542
604
944
561
464
56
32
752
420
169
940
566
248
181
987
145
404
570
381
800
724
828
526
854
982
261
239
660
687
625
659
557
6
652
767
795
306
922
804
91
858
626
798
751
867
493
546
549
429
265
974
430
826
45
398
5
757
56
704
879
719
73
220
88
489
730
386
368
178
463
898
801
249
425
778
836
957
408
683
262
864
664
256
188
10
731
927
661
323
347
147
545
343
126
944
743
957
856
567
465
117
631
57
488
500
804
45
167
342
62
588
951
121
463
622
577
53
645
93
313
547
495
850
464
959
727
725
238
633
604
978
216
528
338
105
549
352
411
749
896
886
499
325
178
689
100
984
583
416
556
196
85
84
300
228
133
496
268
27
389
810
826
12
190
125
448
590
339
384
550
655
125
646
819
188
979
530
262
784
484
424
688
591
896
190
739
729
702
879
358
335
256
455
663
227
496
728
738
910
182
779
944
899
605
223
627
552
633
175
933
892
841
639
213
742
316
569
348
657
788
945
861
67
878
820
946
655
24
956
927
278
724
70
404
316
582
700
869
987
402
589
189
960
823
801
0
376
326
843
542
675
550
76
362
876
810
34
437
576
984
8
158
654
695
794
159
269
435
165
691
939
91
884
425
730
559
341
847
632
583
62
480
10
599
152
541
375
386
813
461
192
992
976
239
406
988
284
790
821
96
88
745
964
535
581
502
669
533
853
731
140
151
385
731
356
785
283
183
882
265
284
279
967
978
217
538
954
459
447
286
249
320
238
596
398
637
93
738
308
6
746
721
754
585
930
480
135
977
481
97
122
248
930
187
870
778
117
915
988
904
682
699
305
668
929
822
808
326
478
684
533
840
174
971
623
235
662
298
328
873
738
685
341
116
514
574
72
964
699
972
56
821
399
311
256
791
752
650
701
281
829
89
648
288
900
442
717
61
220
1
898
573
177
106
69
150
564
628
458
728
46
258
183
112
60
167
764
840
142
773
115
741
275
685
939
978
294
266
475
138
836
452
989
563
853
938
348
451
987
313
192
150
605
421
702
749
820
434
695
218
375
228
167
79
153
978
777
977
112
209
779
828
680
833
825
857
931
31
493
510
880
143
354
764
210
622
751
815
67
115
917
861
620
758
223
927
939
877
210
292
635
158
563
543
604
790
900
610
664
125
681
88
393
5
319
808
69
273
185
896
746
436
724
171
888
93
349
593
428
493
35
712
133
572
809
735
746
122
871
671
462
635
456
107
218
612
335
780
778
738
404
886
393
597
714
702
653
483
11
659
894
596
806
122
988
467
231
779
20
884
905
215
108
729
996
817
403
864
338
817
598
653
750
855
893
46
676
892
672
835
802
164
757
630
792
401
609
309
537
318
861
178
117
719
172
374
125
168
530
58
956
164
158
458
420
897
641
176
674
759
869
789
587
592
129
871
406
737
318
673
590
794
345
607
292
517
944
38
805
519
77
485
724
234
718
1000
811
61
106
782
123
279
92
649
444
603
638
513
202
731
481
181
598
910
930
783
240
44
263
514
578
390
313
852
763
586
164
479
677
70
672
949
773
950
887
240
477
89
910
734
191
0
154
363
620
831
926
499
374
878
862
486
884
491
645
882
107
756
962
674
189
451
698
392
312
424
668
388
961
925
709
550
326
353
744
960
224
295
647
212
675
837
608
440
726
317
374
799
403
747
753
307
959
911
556
528
533
20
342
323
535
708
201
256
91
295
791
145
860
550
579
695
572
295
185
557
795
799
833
392
364
608
988
620
490
511
365
379
144
681
224
185
392
742
167
439
570
32
780
262
920
582
322
781
761
898
581
241
822
910
60
803
512
391
206
352
150
550
839
530
94
353
145
358
679
634
135
246
213
195
827
555
662
557
727
752
74
458
590
418
64
606
103
411
961
233
652
122
875
542
759
837
453
280
773
826
141
438
367
162
872
363
490
883
304
556
978
873
537
222
846
551
855
304
553
642
281
69
788
689
460
297
23
331
672
873
280
608
181
559
760
744
385
239
670
820
797
57
765
49
461
937
504
536
240
516
766
289
406
553
37
772
901
562
861
119
761
11
408
975
954
506
772
840
551
147
330
944
400
939
334
398
808
999
92
595
39
544
498
251
58
139
147
905
699
756
925
92
854
941
839
43
398
582
26
407
297
589
778
609
865
776
800
77
205
770
745
974
919
751
744
147
849
828
373
921
70
957
705
154
471
990
200
852
468
564
941
258
857
646
596
910
247
122
300
749
851
587
845
122
674
637
216
43
207
610
62
704
345
221
681
741
303
175
493
674
762
691
90
327
497
125
74
954
50
532
587
823
759
645
145
26
191
501
601
237
905
294
838
495
38
539
917
473
403
488
869
398
651
749
95
807
898
346
828
198
35
192
322
953
803
810
353
504
27
671
411
107
553
918
306
693
814
262
269
388
811
816
859
632
46
436
757
632
528
640
278
151
387
692
11
70
286
737
894
371
353
784
18
58
15
559
706
678
408
188
346
777
135
487
36
554
197
610
257
617
900
135
654
522
252
987
963
162
670
401
457
373
421
724
298
676
327
519
686
433
462
721
361
845
703
2
188
497
900
883
2
846
695
852
235
218
209
519
110
328
521
871
5
985
738
116
971
38
678
483
929
490
932
299
69
881
76
38
544
967
886
485
899
889
810
148
188
934
905
247
951
352
940
691
731
733
962
205
94
414
456
539
997
302
391
764
987
340
41
365
582
842
253
576
824
955
283
441
403
955
477
400
949
730
962
832
957
936
896
357
881
252
101
20
806
396
769
200
40
582
965
727
305
38
365
241
302
254
399
859
406
492
199
315
438
957
525
33
261
36
538
848
51
113
41
275
835
867
826
583
316
976
331
83
832
329
945
198
359
608
176
697
264
167
619
180
314
283
29
989
865
669
652
540
191
338
586
493
731
967
839
898
838
924
399
124
467
173
738
421
135
645
501
768
861
774
987
127
206
723
370
962
712
690
876
584
344
517
810
840
606
811
543
435
950
361
427
386
173
248
430
691
204
34
438
923
107
960
255
97
375
77
346
211
654
186
822
415
220
222
955
584
705
635
310
264
397
666
333
713
351
904
431
525
509
664
787
825
433
592
224
820
621
125
311
704
180
211
73
74
955
89
430
673
520
80
410
803
757
437
79
7
283
549
167
202
996
324
183
235
836
184
406
339
765
987
738
194
460
802
348
507
794
18
782
149
924
663
272
945
87
259
853
255
144
439
387
618
703
822
855
550
129
766
568
505
70
201
311
176
420
346
22
741
158
383
119
718
968
890
867
905
871
288
74
912
801
370
805
612
956
953
73
676
595
433
534
134
151
342
663
296
504
925
869
267
182
466
354
292
762
527
665
385
878
680
657
493
72
566
472
219
841
685
326
469
295
442
372
102
525
365
929
795
544
998
573
62
184
659
121
786
433
475
720
389
685
268
549
595
176
918
94
5
869
213
728
995
495
336
54
80
556
560
998
324
170
209
766
903
821
52
750
405
511
557
888
585
426
797
374
740
862
966
603
233
71
429
919
631
259
92
126
125
985
10
778
869
472
878
423
152
480
394
458
500
430
811
850
615
525
103
48
343
797
382
615
50
300
213
370
466
323
229
459
227
383
888
447
216
896
566
814
542
536
980
884
467
902
797
963
282
23
292
122
739
445
730
216
822
401
743
392
786
770
534
853
260
959
318
11
495
96
280
650
896
904
450
641
961
473
32
297
580
510
35
617
548
537
740
774
623
591
766
87
207
111
82
52
415
129
264
411
987
779
221
85
743
286
375
114
167
753
338
745
856
736
12
366
648
514
65
170
114
649
461
12
923
108
849
215
96
70
562
74
2
194
131
612
57
522
350
888
77
787
547
684
730
977
81
625
647
803
511
442
958
918
922
556
600
381
398
850
271
335
839
870
939
701
678
430
880
373
871
593
744
823
237
99
672
295
287
868
881
137
413
990
854
577
169
415
599
989
246
313
932
684
825
657
868
749
436
16
512
654
980
290
467
363
236
821
587
810
775
472
516
543
336
424
883
275
780
222
317
181
983
159
328
210
675
775
386
396
830
927
599
642
508
812
877
682
490
29
900
465
813
599
491
846
936
299
88
242
902
223
10
201
754
565
485
978
83
905
930
470
339
354
882
129
24
262
866
345
165
985
175
492
205
566
185
453
200
171
740
481
27
872
584
174
66
394
242
591
187
93
93
418
312
441
811
474
615
557
134
166
171
313
938
538
504
331
236
578
408
917
838
273
372
993
553
365
314
794
961
179
466
915
671
197
113
746
994
724
823
177
562
97
639
988
492
565
917
801
224
520
611
936
160
139
745
269
120
521
476
49
377
867
927
736
146
295
708
303
746
138
421
65
262
341
939
864
84
405
468
770
117
134
686
131
697
904
591
441
972
723
933
893
744
412
173
100
761
576
132
219
528
480
339
649
108
60
298
676
7
621
478
377
462
377
984
563
65
116
330
824
182
808
285
360
487
647
866
373
173
99
330
405
661
701
913
610
850
724
335
828
489
968
768
56
527
580
307
948
657
817
703
856
769
46
927
60
927
12
822
215
248
686
944
470
158
847
172
24
382
491
715
780
683
372
157
823
676
10
281
351
980
966
86
583
962
712
904
507
979
281
646
594
820
763
302
958
352
221
158
639
160
855
516
717
911
982
170
613
153
715
493
144
486
844
541
855
891
281
618
623
927
365
353
188
261
489
86
917
970
457
371
817
219
711
785
253
311
800
409
654
396
264
481
212
323
940
200
226
549
461
433
110
152
692
162
869
668
107
638
126
845
983
5
452
500
677
180
118
661
626
448
560
386
471
282
121
151
354
459
193
214
911
44
114
330
921
82
232
975
1000
11
165
373
188
841
659
313
697
570
733
67
989
12
858
361
774
516
610
55
638
962
601
176
30
978
145
834
974
509
175
18
4
542
940
309
751
704
182
30
496
361
597
59
955
587
708
895
836
621
350
981
964
727
58
227
832
560
702
119
952
764
354
912
573
360
116
372
411
834
968
80
792
447
505
940
197
711
644
5
865
583
192
499
37
970
622
503
697
541
427
394
830
415
124
887
184
511
465
904
85
854
384
847
353
128
871
843
544
9
64
495
718
100
141
855
527
753
862
906
563
259
285
742
32
546
858
383
848
110
899
698
500
56
49
954
517
648
959
119
164
820
910
619
474
789
953
895
53
574
584
917
828
489
292
839
953
103
802
625
998
927
869
289
610
846
415
83
995
392
10
296
792
174
438
128
793
132
247
664
7
402
167
855
200
800
383
36
256
199
9
179
956
398
609
236
320
702
230
84
63
875
323
42
629
780
528
677
59
685
633
10
172
791
150
209
912
838
861
435
991
497
741
775
0
618
57
180
456
66
246
387
538
975
626
993
410
950
158
20
684
909
404
590
931
60
398
419
786
49
979
226
712
230
73
683
238
668
922
312
269
86
493
178
707
824
654
859
493
536
375
917
748
445
497
463
966
726
339
349
356
17
634
820
14
933
541
842
944
926
274
401
473
179
929
488
604
874
295
522
811
590
12
506
866
737
471
22
790
346
614
356
246
999
352
305
630
876
518
961
605
101
674
276
154
460
77
43
2
129
420
252
946
942
363
991
471
942
53
691
77
887
593
759
573
3
222
225
397
824
306
55
55
176
202
33
208
80
10
35
991
735
975
387
582
44
498
202
935
9
504
449
652
782
989
335
467
319
841
944
473
130
440
337
480
0
870
874
705
484
30
958
428
491
194
515
324
359
247
220
892
623
816
227
138
447
474
482
246
93
791
58
821
597
867
473
954
452
788
869
724
666
155
809
793
27
199
819
649
156
362
817
522
670
365
837
33
347
883
537
767
983
136
895
693
216
310
715
937
911
868
501
503
272
820
922
800
459
220
522
781
770
120
402
995
502
872
898
293
100
480
304
427
335
932
349
856
139
373
421
842
667
810
645
586
852
29
465
543
979
273
587
455
206
325
791
930
504
948
221
108
241
649
370
741
731
196
192
515
761
379
678
557
856
475
355
822
640
872
943
243
652
572
199
294
977
62
956
553
200
653
70
642
785
368
221
410
837
966
413
886
648
222
985
430
497
859
239
985
803
690
211
552
600
453
284
176
264
700
498
894
687
631
463
979
587
307
85
349
616
225
24
473
798
371
283
961
64
978
84
15
991
646
824
356
73
497
102
873
565
796
270
642
458
807
116
92
453
582
880
359
832
966
147
842
843
639
676
55
538
748
235
804
343
80
408
759
534
532
44
231
119
413
182
849
759
42
226
37
796
577
338
912
172
834
701
491
722
494
936
510
671
385
541
661
721
573
527
498
247
489
116
102
806
246
382
418
268
117
333
551
193
732
649
965
44
209
915
969
291
371
704
61
913
647
575
273
869
881
525
913
406
800
844
718
624
15
626
991
247
284
887
153
53
256
481
896
416
242
138
954
897
283
94
827
835
455
898
718
639
112
195
423
238
25
349
430
603
904
166
313
618
459
866
550
459
407
222
219
527
125
929
410
844
744
551
146
371
30
734
581
456
162
2
722
653
680
831
146
92
173
929
452
805
541
433
503
836
95
141
905
395
747
600
494
4
849
615
126
735
876
555
517
530
772
357
936
8
556
63
182
863
299
794
589
840
639
101
381
254
268
460
614
733
445
50
56
489
576
333
204
502
278
529
604
932
80
199
806
965
257
155
895
651
351
952
314
676
224
384
597
930
789
351
856
503
998
645
592
807
790
296
343
851
897
175
382
36
635
29
532
600
86
868
522
140
207
451
925
988
501
122
158
989
781
597
754
957
686
331
423
881
696
528
453
134
465
135
57
897
300
782
243
335
900
624
619
314
318
943
837
744
596
368
575
34
309
356
885
872
931
94
521
791
222
694
311
965
430
289
468
446
603
845
526
713
938
653
788
3
213
339
271
246
617
567
726
133
618
98
334
635
906
888
207
653
19
12
569
798
498
603
453
642
686
686
509
971
317
586
785
496
748
201
549
636
199
434
82
386
911
520
990
992
274
824
558
324
66
886
283
503
929
561
606
662
150
614
679
660
871
325
372
826
828
788
276
707
779
303
735
751
246
237
671
871
586
677
80
626
287
354
204
728
682
476
637
183
347
875
101
804
894
294
548
782
805
556
886
138
958
163
788
828
216
361
396
114
256
817
6
458
769
445
715
548
311
618
912
975
575
611
400
105
307
970
903
239
897
852
846
923
993
0
231
925
630
650
135
504
919
905
706
441
919
903
287
319
316
534
670
164
941
319
335
5
658
949
517
742
973
419
631
764
446
451
343
205
230
533
52
472
333
872
492
683
365
602
9
720
781
707
106
971
366
47
848
861
678
973
205
466
425
587
180
222
123
167
504
64
582
307
90
630
841
571
691
378
280
170
827
379
254
810
828
743
637
593
492
520
151
964
777
856
487
797
888
799
71
150
749
42
892
162
908
153
53
117
354
441
505
194
937
411
282
445
718
682
607
66
289
469
112
174
398
917
661
351
485
112
278
423
137
798
935
516
990
59
792
730
903
762
321
4
918
497
890
862
633
188
737
461
703
244
104
411
431
29
939
576
744
381
266
386
846
25
764
158
177
93
252
880
265
797
976
300
294
60
242
628
805
879
803
440
796
227
250
385
706
753
932
134
471
365
67
626
396
576
431
895
783
990
351
256
44
931
753
647
82
906
180
568
86
307
938
799
329
964
215
590
238
508
928
65
154
801
199
289
527
829
598
525
22
173
446
730
851
790
497
583
311
928
107
65
451
66
829
475
769
475
844
2
323
262
336
493
602
268
753
508
119
337
357
459
344
386
80
811
202
256
530
605
122
931
172
386
470
647
33
930
373
306
749
854
610
472
823
607
388
417
366
461
697
207
183
836
178
822
188
812
834
195
789
221
944
660
0
683
811
386
905
43
643
910
348
441
696
263
352
797
61
311
356
198
195
268
966
592
237
805
316
593
724
812
355
873
306
323
937
156
424
5
409
798
325
658
325
408
641
182
572
723
609
573
521
315
327
217
133
555
27
52
615
55
440
791
516
331
503
701
273
757
594
554
389
777
87
580
677
906
991
15
688
79
847
143
725
703
439
623
649
895
608
478
234
701
145
307
213
405
58
237
178
593
286
103
968
594
349
516
122
224
100
38
237
711
692
283
428
388
258
149
29
187
4
55
336
101
455
890
960
746
485
463
526
237
883
441
530
319
799
123
708
291
527
709
803
225
263
801
345
202
768
16
755
317
729
434
423
727
166
843
275
420
237
103
950
1000
940
690
247
783
667
941
64
443
853
804
790
979
265
991
946
619
650
671
775
379
652
4
758
910
18
145
291
49
48
583
179
450
393
231
486
855
162
668
433
103
958
291
531
188
798
882
941
136
549
710
362
166
735
425
480
33
630
141
585
414
744
71
937
705
312
618
657
118
351
441
626
135
70
347
658
312
546
725
1000
415
841
460
30
528
734
189
194
459
914
927
465
978
615
865
717
264
274
949
300
273
654
12
688
656
302
108
453
29
463
479
512
276
830
445
185
763
9
826
808
750
436
73
805
615
637
651
491
141
209
864
194
346
715
441
176
641
507
568
369
505
364
80
448
699
433
952
868
421
444
666
661
726
894
591
791
67
190
452
789
707
699
913
316
916
891
589
150
629
732
512
909
761
960
344
710
970
628
567
887
610
772
714
229
264
135
904
444
463
448
145
144
132
132
992
1
857
339
843
250
152
410
984
772
193
154
843
897
682
380
822
837
0
194
779
519
397
56
703
839
41
816
482
855
460
645
179
235
453
955
656
842
556
861
412
117
751
964
284
792
741
7
944
508
898
614
611
697
687
63
259
375
291
284
1
866
671
653
476
935
681
375
957
42
72
158
571
624
468
65
806
408
900
979
814
150
843
460
185
730
687
12
149
545
326
730
926
580
765
573
320
973
615
214
798
352
233
823
657
135
969
901
651
694
692
353
319
253
823
621
104
204
884
259
764
288
576
609
772
42
48
834
629
721
916
201
527
148
293
194
435
728
557
174
870
784
133
974
379
676
394
481
626
280
281
872
138
277
809
356
255
182
769
287
159
652
840
875
407
878
601
791
436
507
917
833
167
220
954
845
72
80
177
998
739
58
85
964
638
53
229
116
615
510
557
307
621
996
641
98
442
424
302
192
430
126
902
443
81
114
152
784
801
650
674
954
626
800
239
492
607
852
436
241
828
817
825
677
328
384
712
193
826
456
751
137
812
905
106
180
440
337
162
192
801
627
348
414
174
155
775
246
158
185
551
49
805
68
458
614
472
229
44
988
362
285
481
218
191
871
300
708
883
674
247
890
533
991
661
196
111
931
232
238
614
65
198
812
769
931
747
587
844
104
977
633
119
612
588
105
659
338
315
664
246
443
905
720
21
33
294
471
92
102
445
656
955
578
432
538
382
119
460
741
397
306
947
952
892
560
739
983
81
890
216
553
935
169
810
773
867
315
396
374
435
237
839
152
905
794
884
615
137
190
340
640
514
431
61
929
991
820
65
200
728
474
40
110
29
585
207
870
116
649
326
825
647
814
644
454
177
431
783
834
811
192
773
931
633
674
771
124
678
319
973
221
444
848
764
690
584
411
642
694
182
403
353
515
665
47
939
553
215
444
451
918
723
130
981
866
359
425
176
631
785
925
617
703
604
686
298
719
516
118
581
447
264
762
378
569
291
311
507
350
469
996
187
730
103
432
948
514
396
622
77
993
805
434
923
801
91
786
96
128
149
617
763
67
625
369
315
815
700
132
926
362
928
205
469
270
913
398
752
832
788
910
509
86
484
300
166
452
753
392
91
372
814
842
981
658
328
700
486
823
860
90
475
268
598
421
325
713
700
728
952
729
176
425
909
268
668
633
27
798
639
343
935
260
933
410
422
259
660
592
521
567
782
221
181
790
906
963
879
713
26
20
553
58
559
147
649
70
937
337
238
590
636
472
431
470
871
807
624
432
392
722
747
506
688
392
537
929
203
485
263
472
816
666
850
784
465
321
641
582
280
281
506
282
906
347
176
568
37
347
276
40
518
109
454
629
692
944
209
572
63
473
274
943
477
100
706
513
181
169
705
752
391
991
52
947
770
994
102
463
974
543
246
770
494
171
111
295
474
100
717
390
962
764
856
508
959
744
863
590
824
190
314
826
857
524
124
173
339
638
890
1
386
447
478
684
288
17
459
812
494
702
881
888
221
662
757
535
122
935
222
415
650
64
947
335
426
39
333
418
205
338
318
674
880
852
623
826
78
237
877
103
241
857
306
788
492
446
432
10
951
926
307
148
362
450
575
758
412
297
297
722
328
500
8
702
535
743
561
950
828
17
683
192
883
80
720
917
585
339
268
267
339
560
864
821
620
769
627
257
162
938
87
340
678
54
402
79
949
114
431
345
434
720
404
186
806
428
121
167
674
940
733
104
529
636
637
269
125
434
465
192
121
236
768
736
473
267
308
223
842
475
521
891
696
37
223
660
82
423
382
49
758
107
79
18
842
638
955
101
57
201
855
365
516
81
185
326
853
306
975
816
882
172
162
741
608
465
383
545
62
663
516
618
851
393
829
260
286
467
299
801
281
590
663
689
383
915
861
148
603
361
811
789
291
424
848
990
535
560
231
520
37
230
400
297
376
83
656
407
215
228
664
233
950
280
635
498
13
340
981
731
398
120
101
731
385
928
907
604
831
380
768
112
56
705
170
953
85
623
823
453
40
396
28
677
633
868
596
583
401
532
13
329
649
591
292
53
36
644
692
332
227
84
520
299
782
818
817
891
33
962
67
236
658
520
971
427
664
67
522
658
205
714
361
472
1
580
21
351
690
693
415
867
211
98
682
69
429
794
327
378
978
451
306
43
556
582
762
440
507
902
665
908
99
371
871
940
822
733
292
821
995
799
123
378
808
301
513
714
231
250
468
297
315
799
244
353
355
380
583
720
948
778
435
299
632
643
521
195
359
90
752
428
366
254
970
997
238
221
481
431
260
946
361
948
521
961
79
397
136
185
322
202
976
869
136
886
165
337
900
719
256
442
569
652
92
886
216
356
330
19
390
936
565
156
77
286
875
326
684
556
923
932
29
685
62
695
600
718
394
269
238
947
277
415
280
532
686
754
123
544
81
201
668
275
118
595
475
456
240
914
38
541
258
938
491
806
417
684
828
73
426
738
92
38
173
523
162
667
156
111
250
957
73
944
877
651
9
503
79
96
71
338
30
685
393
701
902
729
944
261
764
807
270
283
107
558
813
92
93
516
669
532
199
498
564
602
43
552
373
122
496
978
355
376
916
842
564
741
994
767
585
218
918
873
814
253
352
744
853
697
244
828
79
935
465
356
111
0
860
238
229
881
485
972
208
235
766
538
500
833
791
927
486
678
745
291
208
574
669
858
987
88
135
337
525
923
334
60
611
212
606
951
325
653
108
439
302
216
556
600
646
148
886
212
491
966
711
657
823
425
355
727
326
474
957
67
268
546
423
966
126
268
568
603
719
810
929
241
488
42
259
261
369
230
134
266
927
74
657
